0.168461 0.459
0.0286256 0.493
0.0281697 0.492
0.140943 0.458
0.0309755 0.49
0.0279339 0.491
0.0313714 0.495
0.0313536 0.494
0.0258747 0.496
0.0284727 0.497
0.0439399 0.484
0.0561303 0.47
0.0801598 0.471
0.0407853 0.485
0.0546278 0.473
0.0308993 0.487
0.0316336 0.486
0.0544037 0.472
0.0465653 0.476
0.0381865 0.482
0.0334995 0.483
0.0517264 0.477
0.0387916 0.481
0.064557 0.475
0.0974065 0.469
0.0803574 0.468
0.0552811 0.474
0.0461766 0.48
0.0401185 0.479
0.0772139 0.465
0.0844005 0.464
0.0421925 0.478
0.0533653 0.466
0.0810293 0.467
0.0745624 0.463
0.186855 0.462
0.149066 0.46
0.0341991 0.488
0.0344448 0.489
0.116762 0.461
0.196855 0.45
0.184292 0.451
0.0233281 0.499
0.156255 0.453
0.187456 0.452
0.0254614 0.498
0.22144 0.456
0.137999 0.457
0.182064 0.455
0.148797 0.454
